000fe000fe000fe000fe000fe000fe000fe000fe000fe000fe000fe000fe000fe000fe000fe000fe000fe000fe000fe000fe000fe000fe
000fe0000000000000000000000000000000000000000040b61c15e1c15e280fa040bb280fa030be030be000002b0010100004007000fe
00000000000000000000000001b002000000000000000280fa280fa040591c15e030be030be040b31b002000010402a000001b002000fe
000fe000001b0020000000000000000000000000000001b00204018280fa030be04013040bb030be080321100008028280fa00000000fe
0000000000000000000000000000000000000000000000409a000001c15e280fa1c15e04070080321e0c808032080190000000000000fe
000fe00000000000405c000000000004077000000000000000280fa280fa040612a4b01b002040540803208032360ae0407b00000000fe
000000000000000040a10f0270402400000000001b002000001c15e040b1291f41e0c8040c2000011c15e00001000011b0020408e000fe
000fe00000000001c15e1c15e0e00a00000000001c15e1c15e00000280fa220202603522020100281c15e0405100000280fa1c15e000fe
00000000001b0020000000000030be1c15e280fa04041030ae21000280fa1a0032200404080000010000000000280fa0408c00000000fe
000fe1b002040971c15e00000000000400a030be030be030be10190040ab280fa040461c15e0404c280fa000000402f280fa280fa000fe
00000000001c15e0401f1c15e030be030be1b002030be220211e0c81c15e2200322000350d61b002000001c15e280fa0402800000000fe
000fe00000000000000000000000000000021000030be0400516006040c820001280fa040c8280fa1c15e1c15e000000408c280fa000fe
0000000000000000000000000000001b00200000000002a4b000001040091c15e280fa00001030be04096200011c15e0000000000000fe
000fe000001b0021c15e280fa1c15e00000000001c15e040911c15e00000000001c15e04004030be030be220212a4b00000000000000fe
00000280fa0403e000000409b280fa280fa040a41c15e000001b002040c81c146030be030be00000280fa040c81c15e1b00200000000fe
000fe010001c15e280fa000000000000000000000000000000000001c15e1c15e0401b1b002040c800000040b5280fa1c15c00000000fe
0400b010001c0a80000000000000001b00200000000000000000000000001c15e00000040cc00001040c8280fa280fa040c3280fa000fe
000fe0000101000040100000000000000000000000000000000000001000000000000000000280fa1b002040cd280fa280fa1c15e000fe
00000000011b0020000000000000000000000000000001b0020000000000000000000000000280fa040c8280fa040321c15e280fa000fe
000fe0000000000000000000000000000000100000000000000000000000000001b0020000022002280fa280fa280fa1b00204035000fe
00000000000000000000000001b002000000000000000000050000000000000000000000000040c80403b280fa040c8280fa01000000fe
000fe000fe000fe000fe000fe000fe000fe000fe000fe000fe000fe000fe000fe000fe000fe000fe000fe000fe000fe000fe000fe000fe
1,707,19,1,1
27,707,19,1,1
7,707,15,15,1
11,707,15,15,1
1,707,17,5,1
7,707,17,14,1
11,707,17,14,1
3,707,1,17,1
3,707,1,18,1
7,707,16,16,1
11,707,16,16,1
88,0,0,0,0
88,0,0,0,0
88,0,0,0,0
88,0,0,0,0
88,0,0,0,0
88,0,0,0,0
88,0,0,0,0
88,0,0,0,0
88,0,0,0,0
88,0,0,0,0
88,0,0,0,0
88,0,0,0,0
88,0,0,0,0
88,0,0,0,0
88,0,0,0,0
88,0,0,0,0
88,0,0,0,0
88,0,0,0,0
88,0,0,0,0
88,0,0,0,0
88,0,0,0,0
88,0,0,0,0
88,0,0,0,0
88,0,0,0,0
88,0,0,0,0
88,0,0,0,0
88,0,0,0,0
88,0,0,0,0
88,0,0,0,0
88,0,0,0,0
88,0,0,0,0
88,0,0,0,0
88,0,0,0,0
88,0,0,0,0
88,0,0,0,0
88,0,0,0,0
88,0,0,0,0
88,0,0,0,0
88,0,0,0,0
0>トータエ社会主義人民共和国,710>0>42673：トータエ外務省>は不要です。>#CD5C5C
0>トータエ社会主義人民共和国,710>0>42673：トータエ外務省>商品の輸入状況ですが、その後何か国と交渉して黒字に必要な分の輸入契約を取り付けることに成功いたしましたので、その点ご心配>#CD5C5C
0>トータエ社会主義人民共和国,710>0>42673：トータエ外務省>他国の経済状況に口出しをするという不躾な行いをしていることは承知の上ですが、何卒検討よろしくお願いします。>#CD5C5C
0>トータエ社会主義人民共和国,710>0>42673：トータエ外務省>我が国の財務産業省は、工業規模を800万人以下にすることによってこの危機が解消されると計算してます。>#CD5C5C
0>トータエ社会主義人民共和国,710>0>42673：トータエ外務省>6ターン当たりのウラン鉱山1基の燃料生産能力は16億ガロンであり、一方貴国は6ターンで12億ガロンを工業で消費しています>#CD5C5C
0>トータエ社会主義人民共和国,710>0>42673：トータエ外務省>ですが、貴国の工業化によって、貴国の燃料在庫に危機が生じていると認識しております。>#CD5C5C
0>トータエ社会主義人民共和国,710>0>42673：トータエ外務省>その点について、深く感謝申し上げます。>#CD5C5C
0>トータエ社会主義人民共和国,710>0>42673：トータエ外務省>いつもお世話になっております。貴国の商品輸入のおかげで我が国の財政は保たれ、赤字を免れました。>#CD5C5C
1>ルクスマグナ共和合衆皇国,580>0>42663：ルクスマグナ外務省>なお貴国に対する燃料支援に関して桐国政府からの要請があり行ったことをお伝えします>
0>ルクスマグナ共和合衆皇国,580>0>42663：ルクスマグナ外務省>貴国に対して次期に燃料支援を行います>
0>トータエ社会主義人民共和国,710>0>42613：トータエ外務省>貴国の食料事情を鑑みて、我が国の食料輸入を停止させていただきます。>#CD5C5C
0>トータエ社会主義人民共和国,710>0>42606：トータエ外務省>銀輸出の件、了解しました。我が国にも銀備蓄がありますので、全て尽きる前には鉱山が噴火すると思われます。>#CD5C5C
0>トータエ社会主義人民共和国,710>0>42606：トータエ外務省>貴国の隕石災害にご冥福をお祈りいたします。>#CD5C5C
0>トータエ社会主義人民共和国,710>0>42566：トータエ外務省>ただ、貴国の事情で商品輸出を止めなければいけない事態が発生した際は、ご自由にお止めください。>#CD5C5C
0>トータエ社会主義人民共和国,710>0>42566：トータエ外務省>貴国の慈悲に心より感謝いたします。>#CD5C5C
710,79,42,42164
710,81,220,41468


















