000fe000fe000fe000fe000fe000fe000fe000fe000fe000fe000fe000fe000fe000fe000fe000fe000fe000fe000fe000fe000fe000fe
000fe1b0021b0021b0021b00200000000000000000000000000000000000000000000000000000000000000000000000000000000000fe
1b0022200a031f41e0c8160421b002000000000000000000000000000000000000000000000000000000000000000000000000000000fe
000fe1b002031f41dbb8031f4200001b0021b0021b0021b002000000000000000000000000000000000000100a010000000000000000fe
1b002160481e0c8031f41e0c8000001b002280fa280f91b0021b0021b0021b0020000000000000000000000000000000000000000000fe
000fe1b0021e0c8031f42200221001280fa000001e0c8280fa280fa280fa280fa1b00200000000000000000000000000000000000000fe
1b002031f41dbb8031f4160511e0c81e0c8031f4220171e0c8031f41e0c8280fa1b0021b002000000000000000000000000000000000fe
000fe1b002031f41e0c8160511e0c8031f41dbb8031f41e0c8031f41dbb8031f4280fa280fa1b0021b0021b002000000000000000000fe
1b0021e0c8160512200a1e0c816051031f41e0c816051160541e0c8031f41e0c81e0c8280fa280fa010001b0021b0020000000000000fe
000fe1b002220070f07d1e0c816054220072602f1e0c81e0c8220071e0c8350d61e0c8031f41e0c8280fa160421603f1b0021b002000fe
1b0021e0c80f07d0f07d0e0931603f1e0c81e0c83507022007220071e0c8031f41dbb8031f41e0c8080321e0c816042000001b002000fe
000fe1b0020f07d1e0c8220171e0c8010002200a1e0c81e0c81e0c8031f41e0c8031f41e0c8080320803208032080321e0c81b002000fe
1b0021e0c80f07d0f07d0e024160511e0c8031f41e0c822017031f41dbb8031f416051080321e0c8110001e0c808032160511b002000fe
000fe1b002220070f07d1e0c81605122007031f4295dc1e0c81e0c81e0c8031f41e0c81e0c8080320803208032080321e0c81b002000fe
1b0022b0011e0c81e0c8160511e0c82b0011e0c8031f41605121000280fa280fa16051200001e0c80803208032160541b00200000000fe
000fe1b0021605a1e0c8080321e0c8160511e0c8100781e0c81b002000001b00216054160511e0c81c15e1e0c8220032b0011b002000fe
1b0022b001080320803208032080322b00122017160511b0021b0021b002280fa1e0c81c15e031f4031f41c15e2b0011b00200000000fe
000fe1b002080321e0c81100008032080322200a1e0c81b0021b002000001b002160511c15e1e0c81dbb81e0c8010002b0011b002000fe
1b0022b001080320803208032080322b001160511b002000000000000000210001e0c81c15e031f4031f41c15e2b0011b00200000000fe
000fe1b002220011e0c8080321e0c8220021e0c81b0020000000000000001b002280fa280fa1e0c81c15e1e0c8220041b00200000000fe
000001b0021b0021b0021b0021b0021b0021b002000000000000000000001b0021b0021b0021b0021b0021b0021b0020000000000000fe
000fe000fe000fe000fe000fe000fe000fe000fe000fe000fe000fe000fe000fe000fe000fe000fe000fe000fe000fe000fe000fe000fe
88,0,0,0,0
88,0,0,0,0
88,0,0,0,0
88,0,0,0,0
88,0,0,0,0
88,0,0,0,0
88,0,0,0,0
88,0,0,0,0
88,0,0,0,0
88,0,0,0,0
88,0,0,0,0
88,0,0,0,0
88,0,0,0,0
88,0,0,0,0
88,0,0,0,0
88,0,0,0,0
88,0,0,0,0
88,0,0,0,0
88,0,0,0,0
88,0,0,0,0
88,0,0,0,0
88,0,0,0,0
88,0,0,0,0
88,0,0,0,0
88,0,0,0,0
88,0,0,0,0
88,0,0,0,0
88,0,0,0,0
88,0,0,0,0
88,0,0,0,0
88,0,0,0,0
88,0,0,0,0
88,0,0,0,0
88,0,0,0,0
88,0,0,0,0
88,0,0,0,0
88,0,0,0,0
88,0,0,0,0
88,0,0,0,0
88,0,0,0,0
88,0,0,0,0
88,0,0,0,0
88,0,0,0,0
88,0,0,0,0
88,0,0,0,0
88,0,0,0,0
88,0,0,0,0
88,0,0,0,0
88,0,0,0,0
88,0,0,0,0
0>リブル民主共和国,647>0>42627：国務総理代行>今後、両国が友好的な関係を構築できるよう望みます。>
0>カルセドニー社会主義共和国,433>0>42576：共和国外交委員会>貴国からのお悔やみに心より感謝申し上げます。 >#FF0000
0>>0>>
0>>0>>
0>>0>>
0>>0>>
0>>0>>
0>>0>>
0>>0>>
0>>0>>
0>>0>>
0>>0>>
0>>0>>
0>>0>>
0>>0>>
710,72,10,42512
433,72,20,41006
590,71,240,38852
436,71,240,38536
590,72,20,37916
590,81,100,37682














