000fe000fe000fe000fe000fe000fe000fe000fe000fe000fe000fe000fe000fe000fe000fe000fe000fe000fe000fe000fe000fe000fe
000fe00001000001e0c8160421e0c80405c000010e0950d0c80e08d1e0c81dbb800000000001b002000000700a000000700200000000fe
00000000001e0c81dbb81e0c80e08e000011e0c81e0c81dbb81e0c80e08e000002b0012b0010406e2b00100000000000000000000000fe
000fe0000000000040b2040c00e096000011dbb5040550d0c821001000001b00204064040691dbb8220012b0011b0020000000000000fe
00000000001e0c8040c71b0020000100001000011b0020000000000040d11605d04065160571e0c81e0c8350d6000000000000000000fe
000fe000001e0c81dbb8000001603c16042040622b0010405e040662b001160572b001040602b0011e0c81dbb8160450000000000000fe
0000000000040c20000022017040601e0c81dbb816047040601604e160511e0c81e0c81db9b1603f2b00116051040b50000400004000fe
000fe00000000001b0021e0c81dbb81e0c8220002b0010405e0405e1e0c81dbb80b064040b0040ad10078220171e0c81dbb800000000fe
000000000000000000001e0c82b0010405b100781e0c81dbb81e0c8040ab1e0c81603c040af1e0c81d2bc1e0c8031f40000000000000fe
000fe00000000000000004057220001e0c81d6611e0c8040ab040ac1e0c8220011e0c81dbb81e0c8031f422017031f40000000000000fe
00000000001b0021e0c81d6ee1e0c8031f4295dc031f4220031e0c81dbb80e091031f4031f4031f40d0741e0c81dbb80000100000000fe
000fe0000000000000001e0c8031f4031f41e0c81e0c81dbb82602e0e097031f41e0c8031f41e0c81dbb81e0c8031f41b00200000000fe
000000000000000000001b0021e0c81d724031f4031f4031f422021031c21e0c81dbb81e0c8031f420000031f4000000000000000000fe
000fe00000000010000100000000001e0c8031c6031f4220211e0c81db9000001031f4031f4031f4031f41e0c81dbb80000000000000fe
000011dbb800001000010000100000040d11e0c81d9a31e0c8000012100100001031f41e0c81db5c1e0c8031f41b0020000000000000fe
000fe350d61e0c8040c91603c0000000000040461e0c81503f1e0c8000011e0c81dbb81e0c8031f40000000000000000000007001000fe
00001000011e0c81db9816036000000000000000000001e0c81dbb81e0c8031f400000000001b00204071040700406b0000000000000fe
000fe0000000000000001603a1e0c80000000000000001b002031f4000001b00200000000000408f040730406d0406b0406d00000000fe
000011603f0e096000011e0c81dba022017000000000000001000000000000000000000408f04093040930408c040880408900000000fe
000fe1dbb81e0c80e0900000104053220171e0c8220211e0c804056220210409d0409b040460403f0409904093040900409100000000fe
000011e0c80e0930000100001160391e0c81d95f1e0c8000010000100000040a01604b1d4381e0c80409900000000000000000000000fe
000fe000fe000fe000fe000fe000fe000fe000fe000fe000fe000fe000fe000fe000fe000fe000fe000fe000fe000fe000fe000fe000fe
88,0,0,0,0
88,0,0,0,0
88,0,0,0,0
88,0,0,0,0
88,0,0,0,0
88,0,0,0,0
88,0,0,0,0
88,0,0,0,0
88,0,0,0,0
88,0,0,0,0
88,0,0,0,0
88,0,0,0,0
88,0,0,0,0
88,0,0,0,0
88,0,0,0,0
88,0,0,0,0
88,0,0,0,0
88,0,0,0,0
88,0,0,0,0
88,0,0,0,0
88,0,0,0,0
88,0,0,0,0
88,0,0,0,0
88,0,0,0,0
88,0,0,0,0
88,0,0,0,0
88,0,0,0,0
88,0,0,0,0
88,0,0,0,0
88,0,0,0,0
88,0,0,0,0
88,0,0,0,0
88,0,0,0,0
88,0,0,0,0
88,0,0,0,0
88,0,0,0,0
88,0,0,0,0
88,0,0,0,0
88,0,0,0,0
88,0,0,0,0
88,0,0,0,0
88,0,0,0,0
88,0,0,0,0
88,0,0,0,0
88,0,0,0,0
88,0,0,0,0
88,0,0,0,0
88,0,0,0,0
88,0,0,0,0
88,0,0,0,0
0>ラ・フローリド共和国,662>0>42719：共和国通商院>次期に鉄鋼５億輸送します>
0>ラ・フローリド共和国,662>0>42710：共和国通商院>鉄鋼５億ｔの輸送が可能となりましたこと、連絡いたします>
0>ホクリクホーム,707>0>42674：ホクリクホーム>おっしゃる通り、そのように対応致します。我が国としても国情の一大事、ご無事で何よりです。>
1>ホクリクホーム,707>0>42668：ホクリクホーム>（秘）いつも適切懇意なご教導を戴きまして深く敬意を表します。お陰様で我が国の為にルクスマグナ様より燃料輸送の助力を戴きま>
0>イスタシア自治領,725>0>42660：自治政府代表>石材10億トンの在庫が確保できましたので、来期輸送いたします。>#008B8B
0>ホクリクホーム,707>0>42638：ホクリクホーム>噴火ありました。銀鉱脈も発見され、無事に採掘中です。銀の定期輸送は大丈夫です。ご心配をおかけしました。>#008B8B
0>ピシア共和国,638>0>42637：共和国政府>鋼鉄15億トンの輸出は可能である>0000FF
0>ラ・フローリド共和国,662>0>42614：共和国通商院>たら、連絡いたします。建材の輸送タイミングはお任せします。>
0>ラ・フローリド共和国,662>0>42614：共和国通商院>鉄鋼の輸送待ち状況にあり、採掘完了次第、既に確定済みの輸送スケジュールに基づき順次出荷対応しております。輸送可能なりまし>
0>ラ・フローリド共和国,662>0>42614：共和国通商院>鉄鋼貿易の提案ありがとうございます。鉄5億：建材5億のレートで承諾いたしますが、>
0>ホクリクホーム,707>0>42613：ホクリクホーム>お気遣い戴きまして誠に申し訳御座いません。これまで食料を定期購入戴きまして心より感謝申し上げます。>#008B8B
0>ホクリクホーム,707>0>42601：ホクリクホーム>我が国への隕石の直撃によって再び銀鉱山が消失しました。銀の定期輸送は残り８回分です。再度、鉱山が出現するのを祈ります。>#008B8B
0>大香麗帝國,727>0>42586：礼部省>貴国の援助に感謝申し上げる。>#A020F0
0>ホクリクホーム,707>0>42565：ホクリクホーム>商品の輸送はこのままで大丈夫です。宜しければこのまま定期で継続致します。>#008B8B
0>イスタシア自治領,725>0>42563：自治政府代表>石材10億トンの件については可能です。在庫が確保され次第輸送の連絡をいたします。>
707,71,220,42614
272,71,240,42606
722,71,400,42563
725,71,220,42563
608,72,20,42560
662,71,240,42560
722,71,320,42560
436,71,240,42559
663,71,40,42512
440,71,80,42182
707,71,420,42164
634,71,80,42156
667,71,540,41671
722,72,10,41564
580,71,20,41427
667,79,20,41388
433,79,34,41340
680,81,120,41287
667,71,30,40964

