000fe000fe000fe000fe000fe000fe000fe000fe000fe000fe000fe000fe000fe000fe000fe000fe000fe000fe000fe000fe000fe000fe
000fe0000000000000000000000000000000000000000000000000000000000000000000000000000000000000000000000000000000fe
000000000000000000000000000000000000000000000000000000000000000000000000000000000000000000000000000000000000fe
000fe0000000000000000000000000000000000000000000000000000000000000000000000000000000000000000000000000000000fe
000000000000000000000000000000000000000000000000000000000000000000000000000000000000000000000000000000000000fe
000fe0000000000000000000000000000000000000000000000000000000000000000000000000000000000000000000000000000000fe
00000000000000000000000000100000001040c8040c8000010000000000000000000000000000000000000000000000000000000000fe
000fe000000000000000000000000101000160001e0c810190030be030be000000000100000000000000000000000000000000000000fe
0000000000000000000000001030be030be0f07d030be030be040c821000030be030be00001000000000000000000000000000000000fe
000fe00000000000100001000030be1e0c81e0c8031f41e0c8030be1e0c8040d91e0c816000000000000000000000000000000000000fe
0000000000000000000000001030be031f4291f41e0c8030be2a4b01c15e030be040d6030be000010100000000000000000000000000fe
000fe0000000000000000000000001040cb031f4031f31e0c8030be040db2a4b0030be360ae030be0100000001000000000000000000fe
0000000000000000100001000030be1e0c81e0c8030be350d6220211e0c8220211e0c8030be030be030be00001000000000000000000fe
000fe000000000000000000000000120000101901e0c81e0c81e0c82a4b022021030be1e0c82b0011e0c8030be010000100000000000fe
000000000000000000000000000001040d62b0012a4b02a4b02a4b01e0c822021120000f07d030be030be00001000000000000000000fe
000fe0000000000000000000000000040d2040cc040da040d2040cf2b0011e0c816000040d3030be030be030be000000000000000000fe
000000000000000000000100001000040d2040cd040d2040ce040d32b0012b00120000000001e0c8030be030be000000000000000000fe
000fe0000000000000000000000000000010000100001040c8040c8040c8040c8040c8040c82b0011e0c8030be000010000000000000fe
000000000000000000000000000000000000000000000000011b002040c8040c8040c8040c8000010000100001000000000000000000fe
000fe00000000000000000000000000000000000000000000000000000010000100000040c8040c80000100000000000000000000000fe
00000000000000000000000000000000000000000000000000000000000000000000001b002000010000000000000000000000000000fe
000fe000fe000fe000fe000fe000fe000fe000fe000fe000fe000fe000fe000fe000fe000fe000fe000fe000fe000fe000fe000fe000fe
88,0,0,0,0
88,0,0,0,0
88,0,0,0,0
88,0,0,0,0
88,0,0,0,0
88,0,0,0,0
88,0,0,0,0
88,0,0,0,0
88,0,0,0,0
88,0,0,0,0
88,0,0,0,0
88,0,0,0,0
88,0,0,0,0
88,0,0,0,0
88,0,0,0,0
88,0,0,0,0
88,0,0,0,0
88,0,0,0,0
88,0,0,0,0
88,0,0,0,0
88,0,0,0,0
88,0,0,0,0
88,0,0,0,0
88,0,0,0,0
88,0,0,0,0
88,0,0,0,0
88,0,0,0,0
88,0,0,0,0
88,0,0,0,0
88,0,0,0,0
88,0,0,0,0
88,0,0,0,0
88,0,0,0,0
88,0,0,0,0
88,0,0,0,0
88,0,0,0,0
88,0,0,0,0
88,0,0,0,0
88,0,0,0,0
88,0,0,0,0
88,0,0,0,0
88,0,0,0,0
88,0,0,0,0
88,0,0,0,0
88,0,0,0,0
88,0,0,0,0
88,0,0,0,0
88,0,0,0,0
88,0,0,0,0
88,0,0,0,0
0>トータエ社会主義人民共和国,710>0>42050：トータエ外務省>貴国から商品70兆Va相当を28兆Vaで単発購入可能でしょうか>#CD5C5C
0>トータエ社会主義人民共和国,710>0>41995：トータエ外務省>貴国の益々の発展を願って、今期にささやかながら支援物資をお贈りいたしました。>#CD5C5C
0>ホクリクホーム,707>0>41851：ホクリクホーム>トータエ国様より、ご連絡を賜わりました。貴国へ燃料の単発輸送をさせて頂きます。貴国の益々のご発展をお祈り申し上げます。>#008B8B
0>ラ・フローリド共和国,662>0>41547：共和国通商院>では５億ｔでお願いします。次ターン鉄鋼輸送致します。>
0>ラ・フローリド共和国,662>0>41544：共和国通商院>5億tを希望いたしますが、いかがでしょうか。>
0>ラ・フローリド共和国,662>0>41538：共和国通商院>共和国通商院です。貴国の石材と我が国の鉄鋼を等価での交換を希望します>
0>ルクスマグナ共和合衆皇国,580>0>41277：ルクスマグナ外務省> カルーガ第三条に基づき貴国の反乱軍を撃滅します>
0>トータエ社会主義人民共和国,710>0>41253：トータエ軍務省>カルーガ第三条に基づき貴国の反乱軍を砲撃します>#CD5C5C
0>トータエ社会主義人民共和国,710>0>41249：トータエ外務省>貴国の経済状況を鑑み支援を行います。>#CD5C5C
0>ホクリクホーム,707>0>41246：ホクリクホーム>木材の定期輸送は中止いたしました。長期に渡り定期購入いただき誠にありがとうございました。>
0>カルセドニー社会主義共和国,433>0>41244：共和国外交委員会>では、石材の輸送をお願いいたします。輸送を確認し次第送金を行います。>#FF0000
0>カルセドニー社会主義共和国,433>0>41220：共和国外交委員会>貴国から石材8億トンを資金32兆Vaで輸入することを希望します。他国との取引を先に行うのであれば、貴国の備蓄回復後で構い>#FF0000
1>トータエ社会主義人民共和国,710>0>41215：トータエ外務省>今ターン中にエーゲに宣戦布告お願いいたします。実際に攻撃行動を行う義務はありません>#CD5C5C
0>トータエ社会主義人民共和国,710>0>41213：トータエ外務省>また、併せて木材8億トンを建材4億トンで買い取りたい>#CD5C5C
0>トータエ社会主義人民共和国,710>0>41213：トータエ外務省>貴国から石材7億トンを21兆Vaで買い取ることは可能でしょうか>#CD5C5C
710,73,200,42560
710,73,400,41454
710,73,600,41372
710,73,400,41294
710,73,200,41198
433,81,60,40881
710,81,40,40881













