00000000000000000000000000000000000000000000000000000000000000000000000000000000000000000000000000000000000000
00000000000000000000000000000000000000000000000000000000000000000000000000000000000000000000000000000000000000
00000000000000000000000000000000000000000000000000000000000000000000000000000000000000000000000000000000000000
00000000000000000000000000000000000000000000000000000000000000000000000000000000000000000000000000000000000000
00000000000000000000000000000000000000000000000000000000000000000000000000000000000000000000000000000000000000
00000000000000000000000000000000000000000000000000000000000000000000000000000000000000000000000000000000000000
00000000000000000000000000000000000000000000000000000000000000000000000000000000000000000000000000000000000000
00000000000000000000000000000000000000000000000000000000000102001000000000000000000000000000000000000000000000
00000000000000000000000000000000000000000000100000000000200102000000010000000000000000000000000000000000000000
00000000000000000000000000000000000000000000002001020000400505000000010000100000000000000000000000000000000000
00000000000000000000000000000000000000010200004005010000300515000010000000000000000000000000000000000000000000
00000000000000000000000000000000000000000000002001040050200101000010000000100000000000000000000000000000000000
00000000000000000000000000000000000000000000102001030050200004005010000000000000000000000000000000000000000000
00000000000000000000000000000000000000000000000001000010200000001010000000000000000000000000000000000000000000
00000000000000000000000000000000000000000000034000020000000000000000000000000000000000000000000000000000000000
00000000000000000000000000000000000000000000000000000000000000000000000000000000000000000000000000000000000000
00000000000000000000000000000000000000000000000000000000000000000000000000000000000000000000000000000000000000
00000000000000000000000000000000000000000000000000000000000000000000000000000000000000000000000000000000000000
00000000000000000000000000000000000000000000000000000000000000000000000000000000000000000000000000000000000000
00000000000000000000000000000000000000000000000000000000000000000000000000000000000000000000000000000000000000
00000000000000000000000000000000000000000000000000000000000000000000000000000000000000000000000000000000000000
00000000000000000000000000000000000000000000000000000000000000000000000000000000000000000000000000000000000000
15,728,10,9,0
14,728,9,9,0
88,0,0,0,0
88,0,0,0,0
88,0,0,0,0
88,0,0,0,0
88,0,0,0,0
88,0,0,0,0
88,0,0,0,0
88,0,0,0,0
88,0,0,0,0
88,0,0,0,0
88,0,0,0,0
88,0,0,0,0
88,0,0,0,0
88,0,0,0,0
88,0,0,0,0
88,0,0,0,0
88,0,0,0,0
88,0,0,0,0
88,0,0,0,0
88,0,0,0,0
88,0,0,0,0
88,0,0,0,0
88,0,0,0,0
88,0,0,0,0
88,0,0,0,0
88,0,0,0,0
88,0,0,0,0
88,0,0,0,0
88,0,0,0,0
88,0,0,0,0
88,0,0,0,0
88,0,0,0,0
88,0,0,0,0
88,0,0,0,0
88,0,0,0,0
88,0,0,0,0
88,0,0,0,0
88,0,0,0,0
88,0,0,0,0
88,0,0,0,0
88,0,0,0,0
88,0,0,0,0
88,0,0,0,0
88,0,0,0,0
88,0,0,0,0
88,0,0,0,0
88,0,0,0,0
88,0,0,0,0
0>>0>>
0>>0>>
0>>0>>
0>>0>>
0>>0>>
0>>0>>
0>>0>>
0>>0>>
0>>0>>
0>>0>>
0>>0>>
0>>0>>
0>>0>>
0>>0>>
0>>0>>




















