000fe000fe000fe000fe000fe000fe000fe000fe000fe000fe000fe000fe000fe000fe000fe000fe000fe000fe000fe000fe000fe000fe
000fe0000000000000000000000000000000000000000040c51c15e1c15e280fa040c80306d030be2b001000002b0012b00104016000fe
00000000000000000000000001b002000000000000000280fa280fa040681c15e030be030be040c21b0020000104039000001b002000fe
000fe000001b0020000000000000000000000000000001b00204027280fa030be04022040c8030be080321100008028280fa00000000fe
000000000000000000000000000000000000000000000040a9000001c15e280fa1c15e0407f080321e0c808032080190000000000000fe
000fe00000000000406b00000000000408600000000000000001000280fa040702a4b01b002040630803203060360ae0408a00000000fe
000000000000000040b00f0360403300000000001b0020000001000040c0291f41e0c8040c8000011c15e00001000011b0020409d000fe
000fe00000000001c15e020000301900000000001c15e1c15e00000280fa220202603822020100281c15e0406000000280fa1c15e000fe
00000000001b0020000000000030be1c15e280fa04050030be21000280fa1a003220040408f000010000000000280fa0409b00000000fe
000fe1b002040a61c15e000000000004019030be030be030be10190040ba280fa040551c15e0405b280fa000000403e280fa01000000fe
00000000001c15e0402e1c15e030be030be1b002030be220211e0c81c15e2200322000350d61b002000001c15e280f90403700000000fe
000fe00000000000000000000000000000021000030be04014160060400620001280fa04002280fa1c15e1c15e000000409b280fa000fe
0000000000000000000000000000001b00200000000002a4b000001040181c15e280fa00001030be040a520001010000000000000000fe
000fe000001b00201000280fa1c15e00000000001c15e040a00100000000000001c15e04013030be030be220212a4b00000000000000fe
00000280fa0404d00000040aa280fa280fa040b301000000001b002040c81c15e030be030be00000280fa0400c1c15e1b00200000000fe
000fe010001c15e280fa000000000000000000000000000000000001c15e1c15e0402a1b0020400e00000040c4280fa1c15e00000000fe
0401a010001c15e0000000000000001b00200000000000000000000000001c15e00000040cc0000104009280fa280fa040c801000000fe
000fe01000010000401f0000000000000000000000000000000000001000000000000000000280fa1b002040cd280fa280fa1c15e000fe
01000000011b0020000000000000000000000000000001b0020000000000000000000000000280f9040c8280fa040411c15e280fa000fe
000fe0000000000000000000000000000000100000000000000000000000000011b0020000022002280fa280fa280fa1b00204044000fe
00000000000000000000000001b002000000000000000000000000000000000000000000000040c80404a280fa040c8280fa01000000fe
000fe000fe000fe000fe000fe000fe000fe000fe000fe000fe000fe000fe000fe000fe000fe000fe000fe000fe000fe000fe000fe000fe
1,707,18,4,1
7,707,14,6,1
11,707,14,6,1
1,707,1,16,1
7,707,11,14,1
11,707,11,14,1
88,0,0,0,0
88,0,0,0,0
88,0,0,0,0
88,0,0,0,0
88,0,0,0,0
88,0,0,0,0
88,0,0,0,0
88,0,0,0,0
88,0,0,0,0
88,0,0,0,0
88,0,0,0,0
88,0,0,0,0
88,0,0,0,0
88,0,0,0,0
88,0,0,0,0
88,0,0,0,0
88,0,0,0,0
88,0,0,0,0
88,0,0,0,0
88,0,0,0,0
88,0,0,0,0
88,0,0,0,0
88,0,0,0,0
88,0,0,0,0
88,0,0,0,0
88,0,0,0,0
88,0,0,0,0
88,0,0,0,0
88,0,0,0,0
88,0,0,0,0
88,0,0,0,0
88,0,0,0,0
88,0,0,0,0
88,0,0,0,0
88,0,0,0,0
88,0,0,0,0
88,0,0,0,0
88,0,0,0,0
88,0,0,0,0
88,0,0,0,0
88,0,0,0,0
88,0,0,0,0
88,0,0,0,0
88,0,0,0,0
0>トータエ社会主義人民共和国,710>0>42673：トータエ外務省>は不要です。>#CD5C5C
0>トータエ社会主義人民共和国,710>0>42673：トータエ外務省>商品の輸入状況ですが、その後何か国と交渉して黒字に必要な分の輸入契約を取り付けることに成功いたしましたので、その点ご心配>#CD5C5C
0>トータエ社会主義人民共和国,710>0>42673：トータエ外務省>他国の経済状況に口出しをするという不躾な行いをしていることは承知の上ですが、何卒検討よろしくお願いします。>#CD5C5C
0>トータエ社会主義人民共和国,710>0>42673：トータエ外務省>我が国の財務産業省は、工業規模を800万人以下にすることによってこの危機が解消されると計算してます。>#CD5C5C
0>トータエ社会主義人民共和国,710>0>42673：トータエ外務省>6ターン当たりのウラン鉱山1基の燃料生産能力は16億ガロンであり、一方貴国は6ターンで12億ガロンを工業で消費しています>#CD5C5C
0>トータエ社会主義人民共和国,710>0>42673：トータエ外務省>ですが、貴国の工業化によって、貴国の燃料在庫に危機が生じていると認識しております。>#CD5C5C
0>トータエ社会主義人民共和国,710>0>42673：トータエ外務省>その点について、深く感謝申し上げます。>#CD5C5C
0>トータエ社会主義人民共和国,710>0>42673：トータエ外務省>いつもお世話になっております。貴国の商品輸入のおかげで我が国の財政は保たれ、赤字を免れました。>#CD5C5C
1>ルクスマグナ共和合衆皇国,580>0>42663：ルクスマグナ外務省>なお貴国に対する燃料支援に関して桐国政府からの要請があり行ったことをお伝えします>
0>ルクスマグナ共和合衆皇国,580>0>42663：ルクスマグナ外務省>貴国に対して次期に燃料支援を行います>
0>トータエ社会主義人民共和国,710>0>42613：トータエ外務省>貴国の食料事情を鑑みて、我が国の食料輸入を停止させていただきます。>#CD5C5C
0>トータエ社会主義人民共和国,710>0>42606：トータエ外務省>銀輸出の件、了解しました。我が国にも銀備蓄がありますので、全て尽きる前には鉱山が噴火すると思われます。>#CD5C5C
0>トータエ社会主義人民共和国,710>0>42606：トータエ外務省>貴国の隕石災害にご冥福をお祈りいたします。>#CD5C5C
0>トータエ社会主義人民共和国,710>0>42566：トータエ外務省>ただ、貴国の事情で商品輸出を止めなければいけない事態が発生した際は、ご自由にお止めください。>#CD5C5C
0>トータエ社会主義人民共和国,710>0>42566：トータエ外務省>貴国の慈悲に心より感謝いたします。>#CD5C5C
710,79,42,42164
710,81,220,41468


















