000fe000fe000fe000fe000fe000fe000fe000fe000fe000fe000fe000fe000fe000fe000fe000fe000fe000fe000fe000fe000fe000fe
000fe220171c15e0f07d1b0021b002160001e08c040c8220010000000000000000000100001000011e0c8080320803208032350d6000fe
040251e0c80f0342b0011b0021b0021601a1e0c8160000000100000000000000116000030be040a008032080321e0c81e0c8030be000fe
000fe280f10000100000000000000000000280fa04063280fa000000000000001160131e0c8030be0803208032110000803208032000fe
00000000010801e0801e1b0021b0021600f1c15e0407c270000000000001160001e0aa040a20f07d080321e0c808032080321b002000fe
000fe00001080281e0c8080321e0c80e00a1e0c82b001040ca10190030be030be1e0ad030be280fa1c15e0803208032080321e0c8000fe
000010801e0801e110000801e040cc1c15e1c15e040cb040d51e0c8030be1e0c82200a000000000000000280fa040ae280c400001000fe
000fe00001080320801e0801e00000040cf040d2040d2040d01e0c81e0c81e0c81e0c822003000000000000000000001c15e00000000fe
0000000001280fa080321c15e280fa040cd040cf040d11e0c826053295dc1e0c81b00200000010010000000000000000000000000000fe
000fe00000280f9040561c15e1c15e27000040d1040cb280fa1e0c81e0c8031f42100100000000000000000000000000000000000000fe
0000000000000001c15e1e0c81c15e1c15e040d5280fa1c15e1e0c8030be1e0c8320861c15e1c15e000000000000000000001c15e000fe
000fe000000000000001000011c15e1e0c81c15e030be040db1c15e1c15e13001040d1280fa030be0401d01000000001c15e1e0c8000fe
1b0021b0020e010010000000104077280f9040ad030be040cd040d1280ac16000000011600001000220350000100000200041c15e000fe
000fe00000010002b0011c15e0000100001000010d03f280fa1e06e030be000010000100000000000000100000000000000000000000fe
0000000000010002b0010405d1b0022202120000000001c15e040d100001220320000000001040212100000001040b70408d00001000fe
000fe00000000000000100001000002b001010002b0010000000000220201b00200000000010403e1c15e1d3fc1e0c8030be280c4000fe
0000000000000000000000000000012b001010001b00200000000010000000000000000403f280ab1e0c81c15e160000401e00001000fe
000fe0000000000000000000000000000010000100000010002b0010d0c827000280cc04081040202200516000010002200700001000fe
000000100001000000000000000000000000000000000010001c15e2b001010001c15e2b001220070100001000010000000100000000fe
000fe010002202b010000000000000000000000000000000000000000000000011e0c801000010001600001000010000000100000000fe
000000100001065000010700100000000000000000000000000000000000000010000100001000010000100000000000000000000000fe
000fe000fe000fe000fe000fe000fe000fe000fe000fe000fe000fe000fe000fe000fe000fe000fe000fe000fe000fe000fe000fe000fe
33,725,19,15,0
20,725,11,13,1
26,725,8,11,0
24,725,8,12,0
12,725,4,7,4
12,725,4,6,4
22,725,6,3,0
22,725,14,13,0
6,725,16,20,0
22,725,17,20,0
6,725,19,19,0
22,725,18,20,0
6,725,15,20,0
22,725,16,20,0
18,725,4,20,0
18,725,4,20,0
18,725,4,20,0
18,725,4,20,0
18,725,4,20,0
18,725,4,20,0
18,725,4,20,0
18,725,4,20,0
18,725,4,20,0
6,725,1,7,0
22,725,1,7,0
22,725,1,13,0
2,725,2,13,0
23,725,2,13,23
2,725,14,19,0
16,725,14,19,1
16,725,14,19,1
16,725,14,19,1
16,725,14,19,1
16,725,14,19,1
16,725,6,5,1
16,725,6,5,1
16,725,6,5,1
16,725,6,5,1
16,725,6,5,1
16,725,2,12,1
16,725,2,12,1
16,725,2,12,1
16,725,2,12,1
16,725,2,12,1
88,0,0,0,0
88,0,0,0,0
88,0,0,0,0
88,0,0,0,0
88,0,0,0,0
88,0,0,0,0
0>トータエ社会主義人民共和国,710>0>42673：トータエ外務省>石材の到着を確認しましたので送金します。>#CD5C5C
0>トータエ社会主義人民共和国,710>0>42614：トータエ外務省>石材の在庫が確保できましたら連絡お待ちしております。>#CD5C5C
0>ルーンレシア帝国,680>0>42606：ルーンレシア外務省>輸送確認いたしましたので次期送金致します>0000FF
0>レゴリス帝国,232>0>42603：レゴリス帝国外務省>貴自治領内における我が国の利益代表部の設置を要望致します。>#32CD32
0>ルーンレシア帝国,680>0>42599：ルーンレシア外務省>貴国より石材5億トンを15兆Vaで輸入することは可能でしょうか>0000FF
0>トータエ社会主義人民共和国,710>0>42564：トータエ外務省>ありがとうございます。>#CD5C5C
0>トータエ社会主義人民共和国,710>0>42554：トータエ外務省>貴国から石材10億トンを30兆Vaで単発購入することは可能でしょうか。>#CD5C5C
0>トータエ社会主義人民共和国,710>0>42511：トータエ外務省>石材の受け入れ態勢が整った旨連絡します。次期に送金します。>#CD5C5C
0>トータエ社会主義人民共和国,710>0>42500：トータエ外務省>可能でしたら、こちらの在庫が消費されたのち、再度連絡させていただきます。 >#CD5C5C
0>トータエ社会主義人民共和国,710>0>42500：トータエ外務省>貴国から石材10億トンを30兆Vaで単発購入することは可能でしょうか。>#CD5C5C
0>トータエ社会主義人民共和国,710>0>42494：トータエ外務省>貴国から鋼鉄5億トンを砲弾1万メガトンで購入することは可能でしょうか。>#CD5C5C
0>レゲロ社会主義人民共和国,667>0>42489：レゲロ外交通商部>とを併せて通知したい。>#32CD32
0>レゲロ社会主義人民共和国,667>0>42489：レゲロ外交通商部>『貴国』の怪獣有事に対し、食糧供給と人民保護の観点から砲弾の少数無償供与を実施したい。必要に応じ軍事力供与も可能であるこ>#32CD32
0>カルセドニー社会主義共和国,433>0>42483：共和国外交委員会>貴自治領内で発生した巨大隕石災害の犠牲者に哀悼の意を表明するとともに、次期に義援金を提供いたします。>#FF0000
0>トータエ社会主義人民共和国,710>0>42474：トータエ外務省>貴国から鋼鉄5億トンを20兆Vaで単発購入することは可能でしょうか。>#CD5C5C
710,72,40,42564
667,72,50,42356
710,81,140,42157
1,76,20,41968
















