000fe000fe000fe000fe000fe000000000000000000fe000fe000fe000fe000fe000fe000fe000fe000fe000fe000fe000fe000fe000fe
000fe0000000000000000000100001000000000000000000000000000000000000000000000000000000000000000000000000000000fe
000000000000000010000100001000000000000000000000000000000000000000000000000000000000000000000000000000000000fe
000fe0000000000000000100001000010000000000000000000000000000000000000000000000000000000000000000000000000000fe
000000000001000010000100001000000000000000000000000000000000000000000000000000000000000000000000000000000000fe
000fe0000000000000000000000000010000000000000000000000000000000000000000000000000000000000000000000000000000fe
000000000000000000000000000000010000000000000000000000000000000000000000000000000000000000000000000000000000fe
000fe0000000000000000000000000000000100000000000000000000000010000000000000000000000000000000000000000000000fe
0000000000000000000000000000000000000001000000000100001030be030be0000100000000000000000000000000000000000000fe
000fe0000000000000000000000000000000000001000040c8030be030be040c80000000000000000000000000000000000000000000fe
0000000000000000000000000000000000000001010000b00a040c8030be030be0100000000000000000000000000000000000000000fe
000fe0000000000000000000000000000000000101000030be030be030be030be0000100001000000000000000000000000000000000fe
000000000000000000000000000000000000000101000030be030be040c8340170100000000000000000000000000000000000000000fe
000fe00000000000000000000000000000000000000010000101000000010c01e0100000001000000000000000000000000000000000fe
000000000000000000000000000000000000000000000000003208600000000010000100000000000000000000000000000000000000fe
000fe0000000000000000000000000000000000000000000000000000000000000000000000000000000000000000000000000000000fe
000000000000000000000000000000000000000000000000000000000000000000000000000000000000000000000000000000000000fe
000fe0000000000000000000000000000000000000000000000000000000000000000000000000000000000000000000000000000000fe
000000000000000000000000000000000000000000000000000000000000000000000000000000000000000000000000000000000000fe
000fe0000000000000000000000000000000000000000000000000000000000000000000000000000000000000000000000000000000fe
000000000000000000000000000000000000000000000000000000000000000000000000000000000000000000000000000000000000fe
000fe000fe000fe000fe000fe000fe000fe000fe000fe000fe000fe000fe000fe000fe000fe000fe000fe000fe000fe000fe000fe000fe
88,0,0,0,0
88,0,0,0,0
88,0,0,0,0
88,0,0,0,0
88,0,0,0,0
88,0,0,0,0
88,0,0,0,0
88,0,0,0,0
88,0,0,0,0
88,0,0,0,0
88,0,0,0,0
88,0,0,0,0
88,0,0,0,0
88,0,0,0,0
88,0,0,0,0
88,0,0,0,0
88,0,0,0,0
88,0,0,0,0
88,0,0,0,0
88,0,0,0,0
88,0,0,0,0
88,0,0,0,0
88,0,0,0,0
88,0,0,0,0
88,0,0,0,0
88,0,0,0,0
88,0,0,0,0
88,0,0,0,0
88,0,0,0,0
88,0,0,0,0
88,0,0,0,0
88,0,0,0,0
88,0,0,0,0
88,0,0,0,0
88,0,0,0,0
88,0,0,0,0
88,0,0,0,0
88,0,0,0,0
88,0,0,0,0
88,0,0,0,0
88,0,0,0,0
88,0,0,0,0
88,0,0,0,0
88,0,0,0,0
88,0,0,0,0
88,0,0,0,0
88,0,0,0,0
88,0,0,0,0
88,0,0,0,0
88,0,0,0,0
0>神聖ガトーヴィチ帝国,272>0>42614：ガトーヴィチ外政省>貴国の再建を心よりお祝い申し上げるとともに、大幹・大香麗の世より続く友誼を賜りたく存じます。>#A020F0
0>レゴリス帝国,232>0>42603：レゴリス帝国外務省>貴国のフリューゲルへの復帰を歓迎すると共に、両国間の国交関係の回復を提案致します。>#32CD32
0>ラ・フローリド共和国,662>0>42597：共和国外務院>また、共和国としては開発支援のための資材・資源の提供が可能でございます。何なりとお申し付けください。>
0>ラ・フローリド共和国,662>0>42597：共和国外務院>国交の開設を承諾いただき感謝申し上げます。歴史ある貴国との末永い関係を望みます。>
0>トータエ社会主義人民共和国,710>0>42591：トータエ外務省>貴国が開発支援を必要とすれば、出資できる旨お伝えさせていただきます。>#CD5C5C
0>ラ・フローリド共和国,662>0>42566：共和国外務院>貴国の建国を祝福いたします。国交開設希望します>
1>カルセドニー社会主義共和国,433>0>42564：共和国外交委員会>WTCOへの復帰を希望されるか否かについて協議したいので、Slackをご確認いただけますでしょうか。>#FF0000
0>カルセドニー社会主義共和国,433>0>42564：共和国外交委員会>解答感謝します。歴史ある国家のフリューゲルへの復帰を祝して、改めて両国間の外交関係の回復を提案させていただきます。>#FF0000
0>トータエ社会主義人民共和国,710>0>42564：トータエ外務省>国交樹立を記念して、支援物資をお贈りします。>#CD5C5C
0>ルーンレシア帝国,680>0>42563：ルーンレシア外務省>建国を祝すると共に支援物資をお送り致します、また国交開設を求めます>0000FF
0>カルセドニー社会主義共和国,433>0>42559：共和国外交委員会>貴国の建国を祝福いたします。貴国がWTCO加盟国であった大香麗帝国を継承するかを照会いたします。>#FF0000
0>トータエ社会主義人民共和国,710>0>42558：トータエ外務省>我が国は貴国との国交樹立を希望します。>#CD5C5C
0>ルクスマグナ共和合衆皇国,580>0>42551：ルクスマグナ外務省>我が国は貴国との国交樹立を希望します>
0>>0>>
0>>0>>




















