000fe000fe000fe000fe000fe000fe000fe000fe000fe000fe000fe000fe000fe000fe000fe000fe000fe000fe000fe000fe000fe000fe
000fe00001000001e0c8160421e0c80406b000010e0950d0c80e08d1e0c81dbb800000000001b002000000700a000000000100000000fe
00000000001e0c81dbb81e0c80e08e000011e0c81e0c81dbb81e0c80e08e000002b0012b0010407d2b00100000000000000000000000fe
000fe0000000000040c1160000e096000011dbb8040640d0c821001000001b00204073040781dbb8220012b0011b0020000000000000fe
00000000001e0c8040c81b0020000100001000011b0020000000000040d11605d04074160571e0c81e0c8350d6000000000000000000fe
000fe000001e0c81dbb8000001604216042040712b0010406d040752b001160572b0010406f2b0011e0c81dbb8160450000000000000fe
0000000000040c800000220170406f1e0c81dbb8160470406f1604e160511e0c81e0c81dbb81603f2b00116051040c40000400000000fe
000fe00000000001b0021e0c81dbb81e0c8220002b0010406d0406d1e0c81dbb80b064040bf040bc10078220171e0c81dbb800000000fe
000000000000000000001e0c82b0010406a100781e0c81dbb81e0c8040ba1e0c81603c040be1e0c81d3b31e0c8031f40000000000000fe
000fe00000000000000004066220001e0c81d6991e0c8040ba040bb1e0c8220011e0c81dbb81e0c8031f422017031f40000407004000fe
00000000001b0021e0c81d7221e0c8031f4295dc031f4220031e0c81dbb80e091031f4031f4031f40d0741e0c81dbb80000000000000fe
000fe0000000000000001e0c8031f4031f41e0c81e0c81dbb82602e0e097031f41e0c8031f41e0c81dbb81e0c8031f41b00200000000fe
000000000000000000001b0021e0c81d75e031f4031f4031f422021031f31e0c81dbb81e0c8031f420000031f4000000000000000000fe
000fe00000000010000100000000001e0c8031f4031f4220211e0c81dbb800001031f4031f4031f4031f41e0c81dbb80000000000000fe
000011dbb800001000010000100000040d11e0c81d9ed1e0c8000012100100001031f41e0c81db921e0c8031f41b0020000000000000fe
000fe350d61e0c8040c91603c0000000000040551e0c81503f1e0c8000011e0c81dbb81e0c8031f40000000000000000000007001000fe
00001000011e0c81dbb816036000000000000000000001e0c81dbb81e0c8031f400000000001b002040800407f0407a0000000000000fe
000fe0000000000000001603a1e0c80000000000000001b002031f4000001b00200000000000409e040820407c0407a0407c00000000fe
000011603f0e096000011e0c81dbb822017000000000000001000000000000000000000409e040a2040a20409b040970409800000000fe
000fe1dbb81e0c80e0900000104062220171e0c8220211e0c80406522021040ac040aa040550404e040a8040a20409f040a000000000fe
000011e0c80e0930000100001160481e0c81d99b1e0c8000010000100000040af1604b1d46b1e0c8040a800000000000000000000000fe
000fe000fe000fe000fe000fe000fe000fe000fe000fe000fe000fe000fe000fe000fe000fe000fe000fe000fe000fe000fe000fe000fe
62,710,4,15,0
62,710,4,15,0
62,710,4,16,0
62,710,4,16,0
62,710,4,16,0
62,710,4,16,0
62,710,4,16,0
62,710,4,17,0
62,710,4,17,0
62,710,4,3,0
62,710,4,3,0
62,710,4,3,0
62,710,4,3,0
62,710,4,3,0
62,710,4,3,0
62,710,4,3,0
62,710,4,3,0
62,710,4,3,0
62,710,4,3,0
62,710,4,3,0
62,710,4,3,0
62,710,4,3,0
62,710,4,3,0
62,710,4,3,0
62,710,4,3,0
62,710,4,3,0
62,710,4,3,0
62,710,4,3,0
62,710,4,3,0
7,710,17,19,0
7,710,18,19,0
7,710,17,18,0
7,710,16,18,0
7,710,16,19,0
24,710,17,19,0
58,710,16,19,0
58,710,16,19,1
58,710,16,19,2
58,710,16,19,3
88,0,0,0,0
88,0,0,0,0
88,0,0,0,0
88,0,0,0,0
88,0,0,0,0
88,0,0,0,0
88,0,0,0,0
88,0,0,0,0
88,0,0,0,0
88,0,0,0,0
88,0,0,0,0
0>ラ・フローリド共和国,662>0>42719：共和国通商院>次期に鉄鋼５億輸送します>
0>ラ・フローリド共和国,662>0>42710：共和国通商院>鉄鋼５億ｔの輸送が可能となりましたこと、連絡いたします>
0>ホクリクホーム,707>0>42674：ホクリクホーム>おっしゃる通り、そのように対応致します。我が国としても国情の一大事、ご無事で何よりです。>
1>ホクリクホーム,707>0>42668：ホクリクホーム>（秘）いつも適切懇意なご教導を戴きまして深く敬意を表します。お陰様で我が国の為にルクスマグナ様より燃料輸送の助力を戴きま>
0>イスタシア自治領,725>0>42660：自治政府代表>石材10億トンの在庫が確保できましたので、来期輸送いたします。>#008B8B
0>ホクリクホーム,707>0>42638：ホクリクホーム>噴火ありました。銀鉱脈も発見され、無事に採掘中です。銀の定期輸送は大丈夫です。ご心配をおかけしました。>#008B8B
0>ピシア共和国,638>0>42637：共和国政府>鋼鉄15億トンの輸出は可能である>0000FF
0>ラ・フローリド共和国,662>0>42614：共和国通商院>たら、連絡いたします。建材の輸送タイミングはお任せします。>
0>ラ・フローリド共和国,662>0>42614：共和国通商院>鉄鋼の輸送待ち状況にあり、採掘完了次第、既に確定済みの輸送スケジュールに基づき順次出荷対応しております。輸送可能なりまし>
0>ラ・フローリド共和国,662>0>42614：共和国通商院>鉄鋼貿易の提案ありがとうございます。鉄5億：建材5億のレートで承諾いたしますが、>
0>ホクリクホーム,707>0>42613：ホクリクホーム>お気遣い戴きまして誠に申し訳御座いません。これまで食料を定期購入戴きまして心より感謝申し上げます。>#008B8B
0>ホクリクホーム,707>0>42601：ホクリクホーム>我が国への隕石の直撃によって再び銀鉱山が消失しました。銀の定期輸送は残り８回分です。再度、鉱山が出現するのを祈ります。>#008B8B
0>大香麗帝國,727>0>42586：礼部省>貴国の援助に感謝申し上げる。>#A020F0
0>ホクリクホーム,707>0>42565：ホクリクホーム>商品の輸送はこのままで大丈夫です。宜しければこのまま定期で継続致します。>#008B8B
0>イスタシア自治領,725>0>42563：自治政府代表>石材10億トンの件については可能です。在庫が確保され次第輸送の連絡をいたします。>
707,71,220,42614
272,71,240,42606
722,71,400,42563
725,71,220,42563
608,72,20,42560
662,71,240,42560
722,71,320,42560
436,71,240,42559
663,71,40,42512
440,71,80,42182
707,71,420,42164
634,71,80,42156
667,71,540,41671
722,72,10,41564
580,71,20,41427
667,79,20,41388
433,79,34,41340
680,81,120,41287
667,71,30,40964

