000fe000fe000fe000fe000fe000fe000fe000fe000fe000fe000fe000fe000fe000fe000fe000fe000fe000fe000fe000fe000fe000fe
000fe0000000000000000000000000000001b00200000000000000000000000000000000000000000000000000030be031f41e0c8000fe
00000000001e0c8030be030be0000000000000000000000000000000000000000000000000000000000001e0c81e0c81dbb8031f4000fe
000fe00000030be0d0c8080321e0c8031f41e0c800000000000000000000000000000000000000000000000000030be1e0c8031f4000fe
1e0c81e0c8160810803208032031651db991e0c800000000001b00200000030be030be00000000000000007006000000000000000000fe
000fe031f41dba00803211000080322200b1e0c820000030be0000000000030be1e0c8030be1e0c8031f400000000000000000000000fe
00001031f4220170803208032030be030be1e0c8031f41e0c800000030be030be030be1e0c81db85031f4070011b0020000000000000fe
000fe030be1e0c81e0c8080321e0c816078160991dba422021030be1e0c81e0c81e0c816072031f41e0c800000070090000000000000fe
030be0407c1601e030be2b0012b0011e0c81e0c822000030be160dc0d0c8031f41dbb8031f4030be1e0c800004000000000000000000fe
000fe0d08c040c80f07d22017260422b001030be030be1e0c81e0c8031f4200000407a360ae1e0c8030be00000070060000000000000fe
1e0c8160000f07d160391604e1e0c8160841e0c8030be031f4295dc160a20f07d030be16093030be000041b002000010000100000000fe
000fe1e0c81e0c81e0c8031f41e0c81609522021100c8030be160391e0c81e0c8031f41e0c8030be1e0c800000010040000000000000fe
030be1c15e1e0c8031f41dba31e0c822021030be1e0c8220210e045031f41dbb816000030be030be0000000001000000000000005000fe
000fe1e0c81e0c8030be031f416039030be2b001030be2b0011e0c8040c81e0c81e0c8030be1e0c8031f400000000000000000000000fe
00000030be1603c040781e0c81e0c8030be1e0c82b001350d61dbb8031f4030be030be030be1e0c81db8604079000000000000000000fe
000fe030be1e0c81dbb81603c0f07d160751e0c8030be220171e0c81e0c8030be0000000000030be031f416000030be0000000000000fe
030be1e0c8031f41e0c8160780f07d1dbb81601e031f41e0c81605a1e0c8030be00000000001e0c8030be1e0c8030be0000000000000fe
000fe030be030be030be1e0c8030be1e0c8031f41e0c81dba9031f4030be030be00004070020000000000030be000000000000000000fe
000010000100001030be030be1e0c822017030be1e0c81e0c8160b7030be030be0000000000070090000000000000000000000000000fe
000fe0000000000000011b002030be030be1e0c8030be2b001030be2b0011e0c80000000000000000000000000000050000000000000fe
000001b00200000000000000100001030be030be1e0c8030be21001030be030be0000000000000000000000000000000000000000000fe
000fe000fe000fe000fe000fe000fe000fe000fe000fe000fe000fe000fe000fe000fe000fe000fe000fe000fe000fe000fe000fe000fe
5,680,17,12,0
5,680,19,10,0
5,680,19,10,0
58,680,19,10,0
88,0,0,0,0
88,0,0,0,0
88,0,0,0,0
88,0,0,0,0
88,0,0,0,0
88,0,0,0,0
88,0,0,0,0
88,0,0,0,0
88,0,0,0,0
88,0,0,0,0
88,0,0,0,0
88,0,0,0,0
88,0,0,0,0
88,0,0,0,0
88,0,0,0,0
88,0,0,0,0
88,0,0,0,0
88,0,0,0,0
88,0,0,0,0
88,0,0,0,0
88,0,0,0,0
88,0,0,0,0
88,0,0,0,0
88,0,0,0,0
88,0,0,0,0
88,0,0,0,0
88,0,0,0,0
88,0,0,0,0
88,0,0,0,0
88,0,0,0,0
88,0,0,0,0
88,0,0,0,0
88,0,0,0,0
88,0,0,0,0
88,0,0,0,0
88,0,0,0,0
88,0,0,0,0
88,0,0,0,0
88,0,0,0,0
88,0,0,0,0
88,0,0,0,0
88,0,0,0,0
88,0,0,0,0
88,0,0,0,0
88,0,0,0,0
88,0,0,0,0
0>タンファ王国,721>0>42684：タンファ王国外務省>この度は多大なるご支援感謝致します。国民を代表し感謝の意を表明させていただきます。まことにありがとうございます。>0000FF
0>ピシア共和国,638>0>42660：共和国政府>次のターンに鋼鉄を輸出する。対価には商品を要請する>0000FF
0>ピシア共和国,638>0>42637：共和国政府>鋼鉄10億トンの輸出は可能である>0000FF
0>イスタシア自治領,725>0>42605：自治政府代表>石材5億トンの件につきましては可能です。来期輸送いたします。>#008B8B
0>レゴリス帝国,232>0>42603：レゴリス帝国外務省>貴国の申し入れを受諾致します。ようこそレゴリスへ。>#32CD32
0>大香麗帝國,727>0>42586：礼部省>使節派遣の労、深甚なる謝意を表す。国交を開設し、大使を派遣致す。>#A020F0
0>神聖ガトーヴィチ帝国,272>0>42566：ガトーヴィチ宮内省>てやみません。」とグリブノーイ君帝が申している由、お伝え申し上げます。>#A020F0
0>神聖ガトーヴィチ帝国,272>0>42566：ガトーヴィチ宮内省>「レオナード皇帝陛下には、襲撃に遭っても御無事であらせられたと伺い、甚く安堵しております。末永く国を統べられんことを願っ>#A020F0
0>ラ・フローリド共和国,662>0>42482：共和国通商院>鉄鋼10憶tの輸出可能でございます。>
0>セビーリャ責任国,440>0>42242：セビーリャ通商省>食糧生産回復につき、貿易可能な状態になりましたことをご連絡いたします。ご協力に感謝いたします。 >#FF0000
0>ハチミツ国,720>0>41995：ハチミツ>銀の採掘が遅れたことにより商品が輸送できず申し訳ございません。次期に不足分を輸送いたします。>
0>イスタシア自治領,725>0>41972：暫定自治政府代表>輸出可能です。来期に石材1億トンを輸送いたします。>#008B8B
0>ハチミツ国,720>0>41900：ハチミツ>食料を援助頂きありがとうございます。無償では心苦しいので、次期に建材、砲弾を送らせて頂きます。>
0>ラ・フローリド共和国,662>0>41900：共和国通商院>食料10億ｔ定期輸送設定致しました。よろしくお願いします>
0>ラ・フローリド共和国,662>0>41894：共和国通商院>食料10億tあたり2兆5000億Vaでの定期輸送を提案致します>
667,79,18,42702
667,71,260,42702
721,71,280,42683
667,80,6,42683
667,71,22,42540
436,71,50,42539
662,71,50,41903
272,79,10,41393
272,71,400,41393
710,79,12,41287
635,71,18,40224
590,71,40,38817








