000fe000fe000fe000fe000fe000fe000fe000fe000fe000fe000fe000fe000fe000fe000fe000fe000fe000fe000fe000fe000fe000fe
000fe0000000000000000000000000000000000000000040c21c15e1c15e280fa040c70303a030be2b001000002b0012b00104013000fe
00000000000000000000000001b002000000000000000280fa280fa040651c15e030be030be040bf1b0020000104036000001b002000fe
000fe000001b0020000000000000000000000000000001b00204024280fa030be0401f040c7030be080321100008028280fa00000000fe
000000000000000000000000000000000000000000000040a6000001c15e280fa1c15e0407c080321e0c808032080190000000000000fe
000fe00000000000406800000000000408300000000000000001000280fa0406d2a4b01b002040600803203055360220408700000000fe
000000000000000040ad0f0330403000000000001b0020000001000040bd291f41e0c8040c8000011c15e00001000011b0020409a000fe
000fe00000000001c15e010000100000000000001c15e1c15e00000280fa220202603722020100281c15e0405d00000280fa1c15e000fe
00000000001b0020000000000030be1c15e280fa0404d030be21000280fa1a003220040408c000010000000000280fa0409800000000fe
000fe1b002040a31c15e000000000004016030be030be030be10190040b7280fa040521c15e04058280fa000000403b280fa01000000fe
00000000001c15e0402b1c15e030be030be1b002030be220211e0c81c15e2200322000350541b002000001c15e280f90403400000000fe
000fe00000000000000000000000000000021000030be04011160060400320001280fa040c8280fa1c15e1c15e0000004098280fa000fe
0000000000000000000000000000001b00200000000002a4b000001040151c15e280fa00001030be040a220001010000000000000000fe
000fe000001b00201000280fa1c15e00000000001c15e0409d0100000000000001c15e04010030be030be220212a4b00000000000000fe
00000280fa0404a00000040a7280fa280fa040b001000000001b002040c81c15e030be030be00000280fa040091c15e1b00200000000fe
000fe010001c15e280fa000000000000000000000000000000000001c15e1c15e040271b0020400b00000040c1280fa1c15e00000000fe
04017010001c15e0000000000000001b00200000000000000000000000001c15e00000040cc0000104006280fa280fa040c801000000fe
000fe01000010000401c0000000000000000000000000000000000001000000000000000000280fa1b002040cd280fa280fa1c15e000fe
01000000011b0020000000000000000000000000000001b0020000000000000000000000000280f9040c8280fa0403e1c15e280fa000fe
000fe0000000000000000000000000000000100000000000000000000000000011b0020000022002280fa280fa280fa1b00204041000fe
00000000000000000000000001b002000000000000000000000000000000000000000000000040c804047280fa040c8280fa01000000fe
000fe000fe000fe000fe000fe000fe000fe000fe000fe000fe000fe000fe000fe000fe000fe000fe000fe000fe000fe000fe000fe000fe
1,707,5,7,1
1,707,4,7,1
7,707,14,11,1
11,707,14,11,1
1,707,18,4,1
7,707,14,6,1
11,707,14,6,1
1,707,1,16,1
7,707,11,14,1
11,707,11,14,1
88,0,0,0,0
88,0,0,0,0
88,0,0,0,0
88,0,0,0,0
88,0,0,0,0
88,0,0,0,0
88,0,0,0,0
88,0,0,0,0
88,0,0,0,0
88,0,0,0,0
88,0,0,0,0
88,0,0,0,0
88,0,0,0,0
88,0,0,0,0
88,0,0,0,0
88,0,0,0,0
88,0,0,0,0
88,0,0,0,0
88,0,0,0,0
88,0,0,0,0
88,0,0,0,0
88,0,0,0,0
88,0,0,0,0
88,0,0,0,0
88,0,0,0,0
88,0,0,0,0
88,0,0,0,0
88,0,0,0,0
88,0,0,0,0
88,0,0,0,0
88,0,0,0,0
88,0,0,0,0
88,0,0,0,0
88,0,0,0,0
88,0,0,0,0
88,0,0,0,0
88,0,0,0,0
88,0,0,0,0
88,0,0,0,0
88,0,0,0,0
0>トータエ社会主義人民共和国,710>0>42673：トータエ外務省>は不要です。>#CD5C5C
0>トータエ社会主義人民共和国,710>0>42673：トータエ外務省>商品の輸入状況ですが、その後何か国と交渉して黒字に必要な分の輸入契約を取り付けることに成功いたしましたので、その点ご心配>#CD5C5C
0>トータエ社会主義人民共和国,710>0>42673：トータエ外務省>他国の経済状況に口出しをするという不躾な行いをしていることは承知の上ですが、何卒検討よろしくお願いします。>#CD5C5C
0>トータエ社会主義人民共和国,710>0>42673：トータエ外務省>我が国の財務産業省は、工業規模を800万人以下にすることによってこの危機が解消されると計算してます。>#CD5C5C
0>トータエ社会主義人民共和国,710>0>42673：トータエ外務省>6ターン当たりのウラン鉱山1基の燃料生産能力は16億ガロンであり、一方貴国は6ターンで12億ガロンを工業で消費しています>#CD5C5C
0>トータエ社会主義人民共和国,710>0>42673：トータエ外務省>ですが、貴国の工業化によって、貴国の燃料在庫に危機が生じていると認識しております。>#CD5C5C
0>トータエ社会主義人民共和国,710>0>42673：トータエ外務省>その点について、深く感謝申し上げます。>#CD5C5C
0>トータエ社会主義人民共和国,710>0>42673：トータエ外務省>いつもお世話になっております。貴国の商品輸入のおかげで我が国の財政は保たれ、赤字を免れました。>#CD5C5C
1>ルクスマグナ共和合衆皇国,580>0>42663：ルクスマグナ外務省>なお貴国に対する燃料支援に関して桐国政府からの要請があり行ったことをお伝えします>
0>ルクスマグナ共和合衆皇国,580>0>42663：ルクスマグナ外務省>貴国に対して次期に燃料支援を行います>
0>トータエ社会主義人民共和国,710>0>42613：トータエ外務省>貴国の食料事情を鑑みて、我が国の食料輸入を停止させていただきます。>#CD5C5C
0>トータエ社会主義人民共和国,710>0>42606：トータエ外務省>銀輸出の件、了解しました。我が国にも銀備蓄がありますので、全て尽きる前には鉱山が噴火すると思われます。>#CD5C5C
0>トータエ社会主義人民共和国,710>0>42606：トータエ外務省>貴国の隕石災害にご冥福をお祈りいたします。>#CD5C5C
0>トータエ社会主義人民共和国,710>0>42566：トータエ外務省>ただ、貴国の事情で商品輸出を止めなければいけない事態が発生した際は、ご自由にお止めください。>#CD5C5C
0>トータエ社会主義人民共和国,710>0>42566：トータエ外務省>貴国の慈悲に心より感謝いたします。>#CD5C5C
710,79,42,42164
710,81,220,41468


















