000fe000fe000fe000fe000fe000fe000fe000fe000fe000fe000fe000fe000fe000fe000fe000fe000fe000fe000fe000fe000fe000fe
000fe00000000000000000000000000000000000000000000000000000002b00100000000001603f0000000000000000000000000000fe
0000000000000002b001160360000000000000001601b000000000000000000000000000000000000000000000000000000000000000fe
000fe0000000000000000000000000000000000000000000000000000000000000000000000000000000000000000000000000000000fe
0000000000000001603c0000000000000000000000000000000000016036160440000000000000000000000000000000000000000000fe
000fe0000000000000000000000000000000000000000040c8000001602a000000000000000000000000000000160300000000000000fe
00000000000000000000000000000000000000002200c040c80000000000000001603916038000000000000000000000000000000000fe
000fe000001019000000000000000000000040ce2b001160452b001040c82000000000000001601e0000000000000000000000000000fe
000000000000000000000000000000000002b0011604520000160482a4b01e0c8040c800000000000000000000000000000000000000fe
000fe000000000000000000000000000000040d1160482a4b00403e1600f040aa1603616048000000000000000000000000000000000fe
0000000000000002201700000040d100000000002b0010404a160452a4b0031f41e0c816000000000000000000000000000000000000fe
000fe00000000002201716039000000000000000220351504b2200a350541e0c8295dc031f4000000000000000000000000000000000fe
00000000000000000000000000000000000040ad2a4b0040131600013280031f41e0c80000000000000000000000000040d100000000fe
000fe00000000000000000000040920000000000040741e0c80000000000000002100000000000000000000000000001600000000000fe
000000000000000000000000000000000000100010190000013602200000000000000000000000000000000000000000000000000000fe
000fe000000000000000000000000000000000001600000000040c800000000000000000000040ce00000040cd000000000000000000fe
000000000000000000000000000000000000000000000000001600000000000001603300000000000000000000000000000000000000fe
000fe00000000000000000000000001603616000000000000000000000000000000000000001603300000040c8000000000000000000fe
000000409c22035000000000000000000000000000000000000000000000000000000000000000001602a00000000000000000000000fe
000fe0000022035000000000000000000000000000000000000000000000000000000000000040d00000000000000000000000000000fe
00003000000000000000040a62201700000000000000000000000000000000000000000000000000000000000000000240cc00000000fe
000fe000fe000fe000fe000fe000fe000fe000fe000fe000fe000fe000fe000fe000fe000fe000fe000fe000fe000fe000fe000fe000fe
62,721,4,2,0
62,721,4,2,0
62,721,19,13,0
62,721,19,13,0
62,721,19,13,0
62,721,19,13,0
62,721,19,13,0
62,721,19,13,0
62,721,19,13,0
62,721,19,13,0
62,721,19,13,0
62,721,19,13,0
62,721,19,13,0
62,721,19,13,0
62,721,19,13,0
62,721,19,13,0
62,721,19,13,0
62,721,7,17,0
62,721,7,17,0
62,721,7,17,0
62,721,7,17,0
62,721,7,17,0
62,721,7,17,0
62,721,8,2,0
62,721,8,2,0
62,721,8,2,0
62,721,8,2,0
62,721,8,2,0
62,721,8,2,0
62,721,8,2,0
62,721,8,2,0
62,721,10,16,0
62,721,10,16,0
62,721,10,16,0
62,721,10,16,0
62,721,10,16,0
62,721,10,16,0
62,721,10,16,0
62,721,10,16,0
62,721,10,16,0
62,721,10,16,0
62,721,10,16,0
62,721,10,16,0
88,0,0,0,0
88,0,0,0,0
88,0,0,0,0
88,0,0,0,0
88,0,0,0,0
88,0,0,0,0
88,0,0,0,0
0>セビーリャ責任国,440>0>42748：セビーリャ責任国通商産業省>返信遅れました、ご提示いただいたレートで食料の輸出可能です。設定します。>#FF0000
0>セビーリャ責任国,440>0>42724：セビーリャ責任国通商産業省>ご連絡いただきありがとうございます。定期輸出可能です。対価燃料を希望します。>
0>ルーンレシア帝国,680>0>42683：ルーンレシア外務省>貴国に食糧支援を実施致します>0000FF
0>カルセドニー社会主義共和国,433>0>42643：共和国外交委員会>ルシコフ王国統領閣下の訃報に接し、心より哀悼の意を表明いたします。>#FF0000
0>タンファ王国,721>0>42637：記録>フリューゲル暦 42637期1184年 5月初旬第三代ルシコフ王国統領老衰で死去>
0>>1>41839：記録>フリューゲル暦 41839期1162年 3月初旬ミティシェンコ王国統領、加齢を機に勇退>
0>>1>41839：記録>フリューゲル暦 41293期1147年 1月初旬.初代ナーロフ王国統領死去。フリューゲル暦 41839期1162年 3月>
0>セニオリス連邦,634>0>41491：セニオリス外務省>貴国における巨大隕石災害の報に接し深く哀悼の意を表します。次期に石材を支援いたします。>#00BFFF
0>トータエ社会主義人民共和国,710>0>41485：トータエ外務省>貴国の巨大隕石災害の犠牲者に哀悼の意を表明します。>#CD5C5C
0>神聖ガトーヴィチ帝国,272>0>41485：ガトーヴィチ宮内省>巨大隕石災害の犠牲者に哀悼の意を表するとともに、君帝陛下の詔勅により石材5千万tの復興支援を行います。>#A020F0
0>ヴェールヌイ社会主義共和国,640>0>41479：外務省>巨大隕石災害にお見舞い申し上げると共に、復興支援として建材10億tを供与いたします。>87CEEB
0>カルセドニー社会主義共和国,433>0>41479：共和国外交委員会>貴国の巨大隕石災害の犠牲者に哀悼の意を表明するとともに、次期に支援物資を提供いたします。>#FF0000
0>カルセドニー社会主義共和国,433>0>41294：共和国外交委員会>ナーロフ王国統領閣下御逝去の報に接し、謹んで哀悼の意を表明いたします。>#FF0000
0>>1>41293：記録>フリューゲル暦 41293期1147年 1月初旬.初代ナーロフ王国統領死去>
0>トータエ社会主義人民共和国,710>0>41179：トータエ外務省>次回から送金開始しますので、確認次第輸送開始お願いします>#CD5C5C
440,81,100,42757
561,73,150,41424
680,73,500,41393
634,71,20,41384
710,73,200,41384
433,73,600,41372
680,81,80,40882













