000fe000fe000fe000fe000fe000fe000fe000fe000fe000fe000fe000fe000fe000fe000fe000fe000fe000fe000fe000fe000fe000fe
000fe0000000000000000000000000000000d08c0a00a000000000000000000000000000000000000000000000000000000000000000fe
000000000000000000000000000000000000409a0a00a000000000000000000000000000000000000000000000000000000000000000fe
000fe00000000000000000000000000000000000280a42b0010000000000000000000000000000000000000000000000000000000000fe
000000000000000000000000000000000000000000000000000000000000000000000000000000000000000000000000000000000000fe
000fe0000000000000000000000000000000000000000000000000000000000000000000000000000000000000000000000000000000fe
00000000000000000000000000000000000000002809f040c80000000000000000000000000000000000000000000000000000000000fe
000fe00000000000000000000000000000000000210001d4f22809c000000000000000000002809d0000000000000000000000000000fe
0000000000000000000000000000000000000000280ac040c800000000000000000000280a4040c80000000000000000000000000000fe
000fe0000000000000000000000000000000000000000000000000000000000000000000000000001007800000000000000000000000fe
000000000000000000000000000000000000000000000030be040b40f07d000000000000000000000000000000000000000000000000fe
000fe0000000000000000000000000000000000000000030be2700027000030be030be00000000000000000000000000000000000000fe
00000000000000000000000000000000000000002200427000350862700022001030be00000000000000000000000000000000000000fe
000fe0000000000000000000000000000000000000000280a127000220212700027000030be0a00a0000000000000000000000000000fe
0000000000000000000000000000000000000000000000409c291f4270003506727000040b30a00a0000000000000000000000000000fe
000fe0000000000000000000000000000000000000000000000409d040c82700027000030be0a00a0000000000000000000000000000fe
0000000000000000000000000000000000000000000000000000000280a02200a1c15e030be000000000000000000000000000000000fe
000fe000000000000000000000000000000000000000000000000000000000000030be030be000000000000000000000000000000000fe
000000000000000000000000000000000000000000000000000000000000000000000000000000000000000000000000000000000000fe
000fe0000000000000000000000000000000000000000000000000000000000000000000000000000000000000000000000000000000fe
000000000000000000000000000000000000000000000000000000000000000000000000000000000000000000000000000000000000fe
000fe000fe000fe000fe000fe000fe000fe000fe000fe000fe000fe000fe000fe000fe000fe000fe000fe000fe000fe000fe000fe000fe
88,0,0,0,0
88,0,0,0,0
88,0,0,0,0
88,0,0,0,0
88,0,0,0,0
88,0,0,0,0
88,0,0,0,0
88,0,0,0,0
88,0,0,0,0
88,0,0,0,0
88,0,0,0,0
88,0,0,0,0
88,0,0,0,0
88,0,0,0,0
88,0,0,0,0
88,0,0,0,0
88,0,0,0,0
88,0,0,0,0
88,0,0,0,0
88,0,0,0,0
88,0,0,0,0
88,0,0,0,0
88,0,0,0,0
88,0,0,0,0
88,0,0,0,0
88,0,0,0,0
88,0,0,0,0
88,0,0,0,0
88,0,0,0,0
88,0,0,0,0
88,0,0,0,0
88,0,0,0,0
88,0,0,0,0
88,0,0,0,0
88,0,0,0,0
88,0,0,0,0
88,0,0,0,0
88,0,0,0,0
88,0,0,0,0
88,0,0,0,0
88,0,0,0,0
88,0,0,0,0
88,0,0,0,0
88,0,0,0,0
88,0,0,0,0
88,0,0,0,0
88,0,0,0,0
88,0,0,0,0
88,0,0,0,0
88,0,0,0,0
0>ルーンレシア帝国,680>0>42599：ルーンレシア外務省>貴国との国交樹立を要求いたします>0000FF
0>トータエ社会主義人民共和国,710>0>42536：トータエ外務省>貴地域から燃料6億ガロンを資金6兆Vaで定期購入することは可能でしょうか。>#CD5C5C
0>トータエ社会主義人民共和国,710>0>42338：トータエ外務省>貴地域の国際社会への復帰を心より祝福し、次期に資金を援助します。>#CD5C5C
0>タンファ王国,721>0>42319：タンファ王国外務省>貴国の再建心よりご祝福申し上げます。両国の永遠の繁栄と栄光をお祈りいたします。>
0>>0>>
0>>0>>
0>>0>>
0>>0>>
0>>0>>
0>>0>>
0>>0>>
0>>0>>
0>>0>>
0>>0>>
0>>0>>




















