000fe000fe000fe000fe000fe000fe000fe000fe000fe000fe000fe000fe000fe000fe000fe000fe000fe000fe000fe000fe000fe000fe
000fe0000000000000000000000000000000000000000000000000000000000000000000000000000000000000000000000000000000fe
000000000000000000000000000000000000000000000000000000000000000000000000000000000000000000000000000000000000fe
000fe0000000000000000000000000000000000000000000000000000000000000000000000000000000000000000000000000000000fe
000000000000000000000000000000000000000000000000000000000000000000000000000000000000000000000000000000000000fe
000fe0000000000000000000000000000000000000000000000000000000000000000000000000000000000000000000000000000000fe
000000000000000000000000000000000000000000000000000000000000000000000000000000000000000000000000000000000000fe
000fe0000000000000000000000000000000000000000000000000000001020010000000000000000000000000000000000000000000fe
000000000000000000000000000000000000000000001000000000002001020000000100000000000000000000000000000000000000fe
000fe00000000000000000000000000000000000000000b00a0c01e04008050000000100001000000000000000000000000000000000fe
00000000000000000000000000000000000000010200004008010000302c150000100000000000000000000000000000000000000000fe
000fe0000000000000000000000000000000000000000030010400803001010000100000001000000000000000000000000000000000fe
000000000000000000000000000000000000000000001030050302303001040080100000000000000000000000000000000000000000fe
000fe0000000000000000000000000000000000000000000010000103001000010100000000000000000000000000000000000000000fe
000000000000000000000000000000000000000000000340140200000000000000000000000000000000000000000000000000000000fe
000fe0000000000000000000000000000000000000000000000000000000000000000000000000000000000000000000000000000000fe
000000000000000000000000000000000000000000000000000000000000000000000000000000000000000000000000000000000000fe
000fe0000000000000000000000000000000000000000000000000000000000000000000000000000000000000000000000000000000fe
000000000000000000000000000000000000000000000000000000000000000000000000000000000000000000000000000000000000fe
000fe0000000000000000000000000000000000000000000000000000000000000000000000000000000000000000000000000000000fe
000000000000000000000000000000000000000000000000000000000000000000000000000000000000000000000000000000000000fe
000fe000fe000fe000fe000fe000fe000fe000fe000fe000fe000fe000fe000fe000fe000fe000fe000fe000fe000fe000fe000fe000fe
88,0,0,0,0
88,0,0,0,0
88,0,0,0,0
88,0,0,0,0
88,0,0,0,0
88,0,0,0,0
88,0,0,0,0
88,0,0,0,0
88,0,0,0,0
88,0,0,0,0
88,0,0,0,0
88,0,0,0,0
88,0,0,0,0
88,0,0,0,0
88,0,0,0,0
88,0,0,0,0
88,0,0,0,0
88,0,0,0,0
88,0,0,0,0
88,0,0,0,0
88,0,0,0,0
88,0,0,0,0
88,0,0,0,0
88,0,0,0,0
88,0,0,0,0
88,0,0,0,0
88,0,0,0,0
88,0,0,0,0
88,0,0,0,0
88,0,0,0,0
88,0,0,0,0
88,0,0,0,0
88,0,0,0,0
88,0,0,0,0
88,0,0,0,0
88,0,0,0,0
88,0,0,0,0
88,0,0,0,0
88,0,0,0,0
88,0,0,0,0
88,0,0,0,0
88,0,0,0,0
88,0,0,0,0
88,0,0,0,0
88,0,0,0,0
88,0,0,0,0
88,0,0,0,0
88,0,0,0,0
88,0,0,0,0
88,0,0,0,0
0>ラ・フローリド共和国,662>0>42770：共和国外務院>ヴェニス地域の復帰を祝福するとともに、外交・通商窓口の開設を申請いたします。>
0>カルセドニー社会主義共和国,433>0>42768：共和国外交委員会>ヴェニス地域の国際社会への復帰を祝福するとともに、両国間の外交関係の開設を提案いたします。>#FF0000
0>>1>42768：V.E.N.I.C.E.>外交モードに移行しました。 通信はこちらで受付中です。>0000FF
0>>1>42768：V.E.N.I.C.E.>[Diplomatic Interface Ready]  >0000FF
0>>1>42768：V.E.N.I.C.E.>Activating civic engagement mode... [OK]  >0000FF
0>>1>42768：V.E.N.I.C.E.>Synchronizing with Sefirot System... [OK]  >0000FF
0>>1>42768：V.E.N.I.C.E.>Loading personality module... [OK]  >0000FF
0>>1>42768：V.E.N.I.C.E.>[VENICE Interface Booting...]  >0000FF
0>>0>>
0>>0>>
0>>0>>
0>>0>>
0>>0>>
0>>0>>
0>>0>>




















